#Result_0711_energy[MeV]
5.328534356
2.367145606
11.89082104
4.105948669
2.809177484
4.425709616
2.02858782
2.418733327
2.901505876
2.579767718
2.434500047
3.02437782
5.402175831
3.593526305
5.177608028
5.053055166
2.336151479
2.850092954
2.424230763
3.02437782
5.402175831
3.593526305
5.177608028
5.053055166
2.336151479
2.737716407
2.661491225
2.850092954
2.424230763
4.652881784
3.555940599
5.607422094
2.823373111
2.95608975
5.068845996
4.341150982
4.246346873
3.273160216
3.081893604
3.392398307
2.964611599
4.782693656
3.210554123
4.395554043
3.710569772
5.014874838
3.525374556
3.611757668