#Result_0711_length[cm]
3.91261467
1.158491582
13.04287068
2.646523149
1.4976978
2.961623151
0.919064823
1.196568061
1.572137783
1.318033138
1.208287004
1.673052195
3.994004014
2.166889006
3.747565024
3.613154087
1.13581323
1.530537449
1.200649821
1.673052195
3.994004014
2.166889006
3.747565024
3.613154087
1.13581323
1.440914168
1.381156785
1.530537449
1.200649821
3.192555467
2.132981899
4.22377034
1.509064612
1.616708966
3.630104007
2.877151689
2.783419241
1.883676498
1.721004024
1.987539096
1.623705002
3.32708786
1.829891825
2.931405239
2.273611865
3.572280649
2.105539155
2.183400115